300 0 0 0 0 0 0 0 0 18 -30 18 0 0 0 18 -30 18 0 0 0 0 0 0 0
100 0 0 0 0 0 0 0 -5 18 -30 18 5 0 -5 18 -30 18 5 0 0 0 0 0 0
100 0 0 0 0 0 0 0 -10 18 -30 18 10 0 -10 18 -30 18 10 0 0 0 0 0 0
100 0 0 0 0 0 0 0 -10 18 -30 18 10 0 -10 28 -40 18 10 0 0 0 0 0 0
100 0 0 0 0 0 0 0 -10 18 -30 18 10 0 -10 28 -30 8 10 0 0 0 0 0 0
60 0 0 0 0 0 0 0 -10 18 -35 23 10 0 -10 28 -30 8 10 0 0 0 0 0 0
60 0 0 0 0 0 0 0 -6 18 -35 23 6 0 -6 28 -30 8 6 0 0 0 0 0 0
60 0 0 0 0 0 0 0 0 18 -35 23 0 0 0 28 -30 8 0 0 0 0 0 0 0
60 0 0 0 0 0 0 0 6 18 -35 23 -6 0 6 28 -30 8 -6 0 0 0 0 0 0
400 0 0 0 0 0 0 0 10 18 -35 23 -10 0 10 28 -30 8 -10 0 0 0 0 0 0
200 0 0 0 0 0 0 0 10 8 -25 23 -10 0 10 18 -20 8 -10 0 0 0 0 0 0
200 0 0 0 0 0 0 0 10 -2 -15 23 -10 0 10 8 -10 8 -10 0 0 0 0 0 0
200 0 0 0 0 0 0 0 10 18 -75 43 -10 0 10 8 -10 8 -10 0 0 0 0 0 0
500 0 0 0 0 0 0 0 10 28 -130 -45 -10 0 10 8 -10 8 -10 0 0 0 0 0 0
200 0 0 0 0 0 0 0 10 100 1 59 -10 0 10 8 -10 8 -10 0 0 0 0 0 0
500 0 0 0 0 0 0 0 10 30 -20 -10 -10 0 10 8 -10 8 -10 0 0 0 0 0 0
